7
  0   0  -1  -1  -1   0   0
  0  -2  -3  -3  -3  -2   0
 -1  -3   5   5   5  -3  -1
 -1  -3   5  16   5  -3  -1
 -1  -3   5   5   5  -3  -1
  0  -2  -3  -3  -3  -2   0
  0   0  -1  -1  -1   0   0

5
-5   -4    0    4    5
-8  -10    0   10    8
-10 -20    0   20   10
-8  -10    0   10    8
-5   -4    0    4    5


4 4 4
-5 -5 4
-5 -5 4

10 10 10
10 -79 10
10 10 10

0 0 0
0 1 0
0 0 0










-0.111111111
-0.111111111
-0.111111111
-0.111111111
20.111111111
-0.111111111
-0.111111111
-0.111111111
-0.111111111



